time,x,y,z,phi,theta,psi,x_velocity,y_velocity,z_velocity,phi_velocity,theta_velocity,psi_velocity,rotor_speed1,rotor_speed2,rotor_speed3,rotor_speed4
0.02,0.0,0.0,10.0004689239,3.87491648599e-05,7.00592815495e-06,0.0,0.0,0.0,0.0468923885385,-0.00880331356482,-0.00374324141761,0.0,449.650940941917,448.74045668449367,451.10395126166173,448.9666793968794
0.04,-1.96324190623e-08,1.08585161836e-07,10.0022470298,6.28305912082,6.28312461502,0.0,-1.96324190623e-06,1.08585161836e-05,0.130918200344,-0.00408510412173,4.27170512529e-05,0.0,482.25859085952624,483.11564578869195,482.2588707152817,483.3267682443381
0.06,7.53933629477e-08,4.65490050002e-08,10.0051160456,6.28304222654,6.28314281551,0.0,1.14658201072e-05,-1.70621318672e-05,0.155983386154,-0.0154699887608,0.0059327343298,0.0,427.33384960575876,428.8371640256802,431.30913253493213,428.41544342479875
0.08,3.97381260311e-07,-6.06742978082e-07,10.0084546467,6.28274252073,7.61911449381e-05,0.0,2.07329696291e-05,-4.8267066441e-05,0.177876724576,-0.01987316124,0.00616990506199,0.0,425.42124171135356,425.4820517549455,426.9085253839598,425.78019498391745
0.1,5.90280255946e-07,-2.86084947456e-06,10.0129607605,6.28234711872,0.000208060385336,0.0,-1.44307006562e-06,-0.000177143583207,0.272734654819,-0.0219035364414,0.00205380517058,0.0,492.17519723348073,491.2604835523904,492.52694159497037,492.07639532622636
0.12000000000000001,6.26450270313e-08,-8.41307243196e-06,10.0188507078,6.28191879617,0.000275783956043,0.0,-5.13204528259e-05,-0.000378078712534,0.316260074253,-0.0263190050248,-0.00524653280722,0.0,447.76597425939536,445.9809798731427,446.80086365348603,445.71977459171615
0.14,-1.6805648465e-06,-1.92664837723e-05,10.0258130461,6.28139556593,0.000190684907854,0.0,-0.000123000534527,-0.000707262421505,0.379973750318,-0.0288289309301,0.0010513411127,0.0,464.47236873483604,465.9516111637748,465.1006866964431,464.5105664501063
0.16,-4.67671683199e-06,-3.84438747938e-05,10.0342621774,6.28085914271,0.000211772240531,0.0,-0.000176614664021,-0.00121047668064,0.464939378101,-0.0198673020832,0.000703460606222,0.0,483.9061651939115,483.82758667733304,482.47671187876807,484.5017584921675
0.18,-8.68478199644e-06,-6.78794124722e-05,10.0438455793,6.28048397329,0.000287601849559,0.0,-0.000224191852424,-0.0017330770872,0.493400816731,-0.0265271250553,-0.0104105302974,0.0,433.6033734491108,430.79365347147547,433.5454814821891,431.8638148115321
0.19999999999999998,-1.38919508472e-05,-0.000109334924457,10.054266632,6.27997475557,8.04255256437e-05,0.0,-0.000296525032656,-0.00241247411127,0.548704454084,-0.0199964620732,-0.00897227994887,0.0,456.55114380352205,456.8953479002416,457.6171306902636,459.1736516974403
0.21999999999999997,-2.00178129295e-05,-0.000165383126056,10.0657078023,6.27957617564,6.28309679317,0.0,-0.000316061175575,-0.00319234604869,0.595412577403,-0.0216392111173,-0.0135561791521,0.0,450.90660190959585,449.7945830284371,449.31868287779514,448.9190606618894
0.23999999999999996,-2.61690132294e-05,-0.000236162706221,10.0775749105,6.27918766183,6.28282606626,0.0,-0.000299058854407,-0.00388561196779,0.591298238611,-0.0310488245812,-0.0144468745221,0.0,401.08744758864805,400.8448236294642,400.42017066690875,397.8441738869502
0.25999999999999995,-3.14902678438e-05,-0.000321218589271,10.0892758552,6.27856676603,6.2825655548,0.0,-0.000233066607033,-0.00461997633722,0.578796228255,-0.0306470819261,-0.00690684425964,0.0,390.7156273404365,392.81863310325264,390.6366935254201,390.74857134951463
0.27999999999999997,-3.44893899976e-05,-0.000426005280642,10.1015718083,6.27795399809,6.28242861992,0.0,-6.68456083464e-05,-0.00585869279981,0.650799089128,-0.0300576826787,-0.00535635716784,0.0,472.02068170042133,472.37956508261726,472.882247917269,473.0181623248737
0.3,-3.41030137693e-05,-0.000555092961187,10.114903172,6.27735922302,6.28235971525,0.0,0.000105483231173,-0.00705007525476,0.682337281333,-0.0336294005776,-0.0140996380978,0.0,437.4939549825136,435.3049292025073,435.25229086034824,434.35442056124475
0.32,-2.99469293811e-05,-0.000710535722165,10.1290666065,6.27668705945,6.28208310581,0.0,0.000310125207643,-0.008494200843,0.734006167594,-0.032708058536,-0.0108183827799,0.0,454.1204820759884,454.90940573763703,454.2795870564173,454.50070948277397
0.34,-2.13495582316e-05,-0.000894539118445,10.1439574876,6.27607070309,6.2819029733,0.0,0.000549611907312,-0.00990613878503,0.75508194393,-0.0240126788964,-0.0193313316273,0.0,425.7490946985304,423.55879526786384,425.45271973881626,427.6795895370857
0.36000000000000004,-7.36943018847e-06,-0.001109239158,10.1594271074,6.27559336882,6.28151639862,0.0,0.000848400897,-0.0115638651707,0.791880033035,-0.0215963565494,-0.0196536568939,0.0,441.48489436073453,441.40515229677,439.726472188301,440.32640385746583
0.38000000000000006,1.36096351564e-05,-0.00135876284343,10.1757060327,6.27516613116,6.28112551656,0.0,0.00124950563749,-0.0133885033724,0.836012498562,-0.0246588614551,-0.0175602938607,0.0,447.2900266888805,447.80114629173715,448.140752608209,447.39342837250166
0.4000000000000001,4.38381450047e-05,-0.00164692699412,10.1930073675,6.27467311858,6.28078666259,0.0,0.00177334534733,-0.0154279116967,0.894120981208,-0.0240850094893,-0.0225305868083,0.0,460.6964570726809,459.5162009546236,460.8681264601714,461.0040919678582
0.4200000000000001,8.57065874142e-05,-0.00197820263281,10.2115964993,6.27419145414,6.28033605086,0.0,0.00241349889362,-0.0176996521721,0.964792193362,-0.0243524102735,-0.0225345386295,0.0,471.3676185624309,471.3667039581772,472.3001672862958,472.23826455693603
0.4400000000000001,0.000140192578668,-0.00235181695587,10.2311118758,6.27370802445,6.27989125233,0.0,0.00303510023176,-0.0196617801335,0.98674545752,-0.0270425817998,-0.0191016857834,0.0,426.85701638324457,427.7348034375177,426.7564603143089,426.0670016357946
0.46000000000000013,0.000208490099899,-0.00276690559448,10.2511904989,6.27316717304,6.27955404122,0.0,0.0037946518913,-0.0218470837278,1.02111685235,-0.0270640875211,-0.00963357026592,0.0,437.13384130065725,439.494180211059,439.34048333949636,439.3349553091132
0.48000000000000015,0.000293091677097,-0.0032278729617,10.2720489153,6.27262955856,6.27936994855,0.0,0.00466550582855,-0.0242496529942,1.06472479271,-0.0297723214778,-0.0054914131436,0.0,447.52216661200623,448.5324994078644,447.42156784000133,446.7595209000695
0.5000000000000001,0.000394793545524,-0.00373608325545,10.2935807445,6.27208099215,6.2793327209,0.0,0.00550468101413,-0.026571376381,1.08845812107,-0.0394552989358,-0.0175413602068,0.0,430.1064252945503,427.03428248414775,430.2267700073218,427.7601360910633
0.5200000000000001,0.000515680089067,-0.0042986194152,10.3161891971,6.27129351981,6.27898203061,0.0,0.00658397334016,-0.0296822395939,1.17238713988,-0.0412628587516,-0.0170180688,0.0,482.6751196259924,482.79366574233103,484.86574303678333,484.45758561261505
0.5400000000000001,0.000656942375482,-0.00491937599236,10.3399546133,6.27046952009,6.27869491765,0.0,0.00754225530131,-0.0323934181222,1.20415448235,-0.0396770106877,-0.0273377990319,0.0,437.9551267073923,435.37285061313435,436.6113561131093,437.0071226221263
0.5600000000000002,0.000819012809192,-0.00559903229427,10.3645753447,6.26967986185,6.2781514422,0.0,0.00866478806976,-0.035572212068,1.25791865786,-0.0368906246575,-0.0298992574342,0.0,457.3796197456862,456.7671183904979,457.14252969750095,457.80730984863715
0.5800000000000002,0.00100761834327,-0.00635155142021,10.3908127751,6.26895250447,6.27755382301,0.0,0.0101957653385,-0.0396797005264,1.36582438196,-0.0414633930137,-0.0307547781554,0.0,504.4928590167678,504.307363277492,504.5472003289875,503.5554668169172
0.6000000000000002,0.00122404007415,-0.00717675421403,10.4183878236,6.26813284446,6.27694191821,0.0,0.0114464077494,-0.042840578856,1.3916804665,-0.0458469647704,-0.0332809444152,0.0,431.2083667965442,430.56739949004725,432.76332442393345,431.65411263564306
0.6200000000000002,0.00146611575484,-0.00806526437365,10.446365004,6.26721916384,6.27630677041,0.0,0.0127611603195,-0.0460104371052,1.40603757708,-0.0432940522792,-0.0410874920724,0.0,421.9111768444362,419.8839946750927,419.5580119905609,420.2210037721289
0.6400000000000002,0.00174085726011,-0.00903077805294,10.4753609209,6.26635907093,6.27548837965,0.0,0.0147129902078,-0.0505409308248,1.49355410905,-0.03989166054,-0.0384955497702,0.0,486.9397808810044,487.5203361973181,487.3182713658872,488.07971606325566
0.6600000000000003,0.00205104941116,-0.0100764270142,10.5053396371,6.2655728868,6.27473219768,0.0,0.016306224897,-0.0540239653049,1.50431751091,-0.0447184771413,-0.0437355916993,0.0,417.6156714554954,416.24149733279626,417.9470077699917,416.68221102612034
0.6800000000000003,0.00239995721998,-0.0112043762837,10.5361587699,6.26481976365,6.2738838464,0.0,0.0185845559852,-0.0587709616431,1.57759576682,-0.0279109552388,-0.0364746612729,0.0,474.24593208251036,475.91502669993065,473.8230055620547,477.6823173503279
0.7000000000000003,0.00278938295772,-0.0124148133093,10.5676549647,6.26428540961,6.27315456594,0.0,0.0203580177888,-0.0622727409132,1.57202371426,-0.0348196550393,-0.0371269947921,0.0,400.51512512625254,400.3363432619686,402.06622217344943,400.18389805881554
0.7200000000000003,0.00322233841468,-0.0137088716188,10.5997045075,6.26365822311,6.27241204145,0.0,0.0229375279069,-0.067133090035,1.63293056395,-0.0465845683343,-0.0373025116532,0.0,464.89560511382433,464.8537720480589,465.8344909552199,463.0661187898842
0.7400000000000003,0.00371045515033,-0.0151047614691,10.6331263434,6.26276688476,6.27167303495,0.0,0.025874145658,-0.0724558950021,1.70925303477,-0.0376009142918,-0.0410558380053,0.0,479.02503759373275,478.16755259567157,477.24935406224046,479.3007112022462
0.7600000000000003,0.00425111493802,-0.0165949883698,10.6673621424,6.26201608905,6.27088086586,0.0,0.0281918331111,-0.0765667950616,1.71432685639,-0.0391646140111,-0.0486647364452,0.0,413.07436019486505,411.0555696901388,412.3845887055268,411.9692409670935
0.7800000000000004,0.00485133437351,-0.0181889189912,10.7026427673,6.2612335318,6.26993353294,0.0,0.0318301104382,-0.0828262670812,1.81373564168,-0.0379521594506,-0.0558705414958,0.0,499.01895695194116,497.43741090988516,498.32085057268165,498.5860600767878
0.8000000000000004,0.00552053701047,-0.0198994487384,10.7394148441,6.26047448867,6.2688795093,0.0,0.0350901532578,-0.0882267076401,1.86347203502,-0.0379409210774,-0.0446111286271,0.0,455.0948721714727,457.78835689505587,454.1880505867786,454.1900962241106
0.8200000000000004,0.00625654469937,-0.0217182852167,10.7771124895,6.2597163639,6.268004049,0.0,0.0385106156317,-0.09365694019,1.90629250567,-0.0367630827555,-0.0504011680948,0.0,449.9906577478142,448.58131921400224,448.82951572951714,449.11550799031403
0.8400000000000004,0.00706356074069,-0.023648321283,10.8156997997,6.25899145408,6.26699677347,0.0,0.0421909885008,-0.0993466664363,1.95243851295,-0.0322129543876,-0.0516241359929,0.0,451.414126587169,451.1164220811793,452.89028368861074,453.9862168339558
0.8600000000000004,0.0079448593652,-0.0256912695737,10.8551008691,6.25835145959,6.26597510623,0.0,0.0459388739497,-0.104948162631,1.98766842486,-0.0292924758626,-0.046973225812,0.0,442.07197211784074,443.21839464831817,441.7400659912813,442.4615285413234
0.8800000000000004,0.00890014986739,-0.0278429242862,10.8950130013,6.25778823368,6.26505725563,0.0,0.0495901762693,-0.110217308619,2.00354479936,-0.0360190811632,-0.0403984389997,0.0,423.1211964911116,424.81436385665097,424.7449689354155,423.0105639670543
0.9000000000000005,0.00994109558573,-0.0301161197805,10.9358316063,6.25711865906,6.26425352493,0.0,0.0545043955647,-0.117102240819,2.07831569586,-0.0259387040832,-0.0433098246901,0.0,477.43764950001486,476.7701198660547,478.3541032581463,480.6508284759222
0.9200000000000005,0.0110765494856,-0.0325206324626,10.977831161,6.25660116413,6.26338746677,0.0,0.0590409944235,-0.123349027391,2.12163977728,-0.0275381782084,-0.0427838391442,0.0,450.4527629208025,450.5793266145023,450.49262675556287,450.1043586870728
0.9400000000000005,0.0123150421329,-0.0350650574953,11.0212136951,6.25605414378,6.26254481691,0.0,0.0648082703016,-0.131093475872,2.21661363425,-0.0302743102367,-0.0478881363865,0.0,497.1313466136757,496.0073159782625,495.7073542587601,495.10373330938245
0.9600000000000005,0.0136627116838,-0.0377546341678,11.0660780699,6.25544908598,6.26165612698,0.0,0.0699586847915,-0.137864191378,2.26982383965,-0.0311999499906,-0.0596416724173,0.0,460.9481900072325,458.1520374065217,460.54798434075883,460.32804131406095
0.9800000000000005,0.0151153357882,-0.0405807869265,11.1119939959,6.25484352465,6.26046928845,0.0,0.075303725653,-0.1447510845,2.32176876623,-0.0372724561588,-0.056179038626,0.0,458.6184322117767,459.4403580286196,459.83661234619,458.3909668214597
1.0000000000000004,0.016674796404,-0.0435424266112,11.1588162749,6.25410117337,6.25940941565,0.0,0.0806423359196,-0.151412883965,2.3604591329,-0.0397615726312,-0.0448911720193,0.0,445.9498680290966,448.70522344657047,447.22659500157107,446.61734104937995
1.0200000000000005,0.0183485968806,-0.0466452561993,11.2066256817,6.25333085426,6.25854940066,0.0,0.086737711744,-0.15887007484,2.42048154548,-0.0327029125852,-0.0535869699301,0.0,467.8618514263406,465.82533847418216,465.78526011997144,467.4376089780179
1.0400000000000005,0.0201356103167,-0.0498860022794,11.2551933321,6.25268074833,6.25747797426,0.0,0.0919636318683,-0.165204533177,2.43628349518,-0.0298913929853,-0.0527957627482,0.0,425.74182827738923,425.9428321695341,425.32425995266215,426.04554788529805
1.0600000000000005,0.0220270344397,-0.0532519948417,11.3039844216,6.25208356316,6.25642208359,0.0,0.0971787804304,-0.171394723051,2.44282545976,-0.0310251394134,-0.0530174772688,0.0,417.48417399457475,417.424116367583,416.094932283797,415.79672351439297
1.0800000000000005,0.0240342796466,-0.0567538968029,11.3532563758,6.25149366334,6.25536245237,0.0,0.103545740259,-0.178795473072,2.48436995533,-0.0232017176471,-0.0518188692357,0.0,450.4452029782337,450.734089815045,449.1535779580707,451.0526499634233
1.1000000000000005,0.0261720870371,-0.060406018928,11.4033843677,6.25103103384,6.25432875899,0.0,0.110234998791,-0.186416739432,2.52842923493,-0.0248779390573,-0.0495019727247,0.0,452.8364367710806,453.393524561794,452.8134622213534,452.4087224336721
1.1200000000000006,0.0284295999192,-0.0641932321762,11.4538198997,6.25053887722,6.25335963756,0.0,0.115516289415,-0.19230458539,2.5151239654,-0.0215909476402,-0.0430338942558,0.0,396.85069311505515,398.625977304835,395.5808760197206,396.487695893085
1.1400000000000006,0.0308193114174,-0.0681262388777,11.5048200727,6.25011014775,6.25249902636,0.0,0.123454860405,-0.200996084759,2.58489333107,-0.0240767009687,-0.0433990958844,0.0,476.31413674969826,476.22945582660185,476.14253536515145,475.5717301331084
1.1600000000000006,0.0333520166866,-0.0722147557222,11.5566272865,6.24962888231,6.25165940014,0.0,0.129815666518,-0.207855599691,2.59582805292,-0.0248096143078,-0.050929792616,0.0,422.7937541551248,420.84163323616315,421.9724764203465,421.7825226512244
1.1800000000000006,0.0360305265265,-0.0764593893829,11.6091871085,6.24913679136,6.25077467484,0.0,0.13803531747,-0.216607766378,2.66015415186,-0.0219455846369,-0.0345669963055,0.0,470.40226914509907,474.18673238451163,470.6957828433166,471.36017420891596
1.2000000000000006,0.0388776980682,-0.0808824140613,11.663093882,6.24874668712,6.25012955954,0.0,0.146681836707,-0.22569470146,2.73052319337,-0.0120655585792,-0.0249519428102,0.0,476.62906271022,478.8280383341406,475.67924023122583,477.9436058551397
1.2200000000000006,0.0418832221616,-0.0854712534285,11.7179154225,6.24850538122,6.24966296648,0.0,0.153870572629,-0.233189235266,2.75163085287,-0.0121681686729,-0.0330074747203,0.0,433.6740534560585,431.6392786178915,432.43367760416186,432.4078644041521
1.2400000000000007,0.0450423040386,-0.0902195830086,11.7734204633,6.24826451584,6.24902565601,0.0,0.162037615069,-0.241643722738,2.79887322971,-0.00993299824864,-0.0262489208486,0.0,456.25017036505113,457.8656985435498,456.9054404985326,457.43984498040453
1.2600000000000007,0.0483578639794,-0.0951289998464,11.8296242559,6.24807586782,6.24851817194,0.0,0.169518379011,-0.249297961042,2.82150603315,-0.00545819162042,-0.0203337967241,0.0,433.8171647052354,435.3045005339729,433.63332819246074,434.7596875579493
1.2800000000000007,0.0518372173581,-0.100205150239,11.8866572884,6.24797209872,6.24816534239,0.0,0.178416958858,-0.258317078191,2.88179721185,-0.00874292303494,-0.00995628343435,0.0,467.9580284744173,470.37522041814054,469.63224648973033,468.86739427875904
1.3000000000000007,0.0554868669909,-0.105453338101,11.9446514374,6.24781289997,6.24797570386,0.0,0.186548004424,-0.266501708014,2.91761768667,-0.014339298561,-0.0143122299866,0.0,448.8367689088154,447.77507611646905,446.9531841232773,445.58288600539834
1.3200000000000007,0.0592980296319,-0.11086404689,12.0033181719,6.24752632087,6.24768979658,0.0,0.194568259676,-0.274569170932,2.94905576732,-0.0149825298011,-0.0151335918209,0.0,442.5901506117532,442.3874091188045,444.3647369241342,444.2066314153433
1.3400000000000007,0.0632723569582,-0.116438887056,12.0626730889,6.24724996137,6.24743770587,0.0,0.202864472954,-0.282914845682,2.98643593761,-0.021807644784,-0.0251915370317,0.0,450.46078602371193,448.01421257057814,449.81074548084683,448.14963449015687
1.3600000000000008,0.0674150309264,-0.122183141881,12.1228269354,6.24681922374,6.24693387513,0.0,0.211402923868,-0.291510636779,3.02894871095,-0.0185166669148,-0.0251935622712,0.0,453.79848603944953,453.79790607555964,453.9098475868737,454.7014746247635
1.3800000000000008,0.0717589868963,-0.128129736114,12.1846387078,6.24650772773,6.2464890464,0.0,0.222992673123,-0.303148786569,3.15222852787,-0.0293644615387,-0.0360602555398,0.0,524.2483609796001,521.9783083777252,524.2483421839369,521.9823619584007
1.4000000000000008,0.0763018218623,-0.134275804676,12.247981445,6.24597866533,6.24576787583,0.0,0.231290823482,-0.31145806961,3.18204519208,-0.0185730911795,-0.0363230944613,0.0,442.86456921423985,442.7991182626327,442.2771993419092,444.9353954540195
1.4200000000000008,0.0810142396482,-0.140591242819,12.311973628,6.24560753104,6.24506058991,0.0,0.239950955102,-0.320085744628,3.21717310984,-0.0177637338076,-0.0425159887249,0.0,448.5029353376391,446.99083665744905,448.8933812845324,449.0904349821975
1.4400000000000008,0.0858994564051,-0.147078096371,12.3766149418,6.24525420792,6.24421424638,0.0,0.248570720591,-0.328599610594,3.24695826804,-0.019739364862,-0.0396959750929,0.0,443.338373118434,444.03197308037954,443.75999519834545,443.2732663481678
1.4600000000000009,0.0909701572882,-0.153746907716,12.4421383806,6.24486164893,6.24342123245,0.0,0.258499367721,-0.3382815239,3.30538561168,-0.0218504340132,-0.0410417677313,0.0,470.26702422824644,469.9534764153561,469.9474446811209,469.4563360354469
1.4800000000000009,0.0962383818625,-0.160607414333,12.5087532826,6.24442733575,6.24260058857,0.0,0.268323089704,-0.347769137781,3.35610458534,-0.0195285793365,-0.0416605920316,0.0,464.26334430855854,464.1168487277516,462.29052138212245,462.8390763102803
1.5000000000000009,0.101706660422,-0.167660240479,12.5764207695,6.24421152339,6.24179915496,0.0,0.278504766265,-0.357513476855,3.41064410973,-0.0382239916993,-0.0336883620776,0.0,465.81472028344064,467.6804755323167,469.6579411559465,465.28750739803354
1.520000000000001,0.10736075166,-0.174889850445,12.6447005414,6.24344745741,6.24113138276,0.0,0.286904357543,-0.365447519755,3.41733308062,-0.0373142117899,-0.0371510336722,0.0,423.32637195695776,422.4309855434487,422.33399382888587,422.5685576661734
1.540000000000001,0.113195459582,-0.182290345701,12.7133817442,6.24270123192,6.24038837578,0.0,0.296566434651,-0.374602005831,3.45078719121,-0.0369714316854,-0.0373165153683,0.0,448.4903969034733,448.4494415392582,448.14583464062696,448.22877603096396
1.560000000000001,0.119212927243,-0.18986413884,12.7824476457,6.2419630968,6.2396435294,0.0,0.305180331475,-0.382777308062,3.45580296719,-0.035363005937,-0.0390392639996,0.0,421.1786364474384,420.7306467913179,421.47318872435255,421.8893257538089
1.580000000000001,0.125402694028,-0.197601540851,12.8515800054,6.24125654455,6.23887070694,0.0,0.313796347008,-0.390962893062,3.45743299561,-0.0365528549655,-0.0430299561481,0.0,418.5951557166352,417.5511074003232,418.1019854913178,417.79022839657
1.600000000000001,0.13176777792,-0.205505456014,12.9207780705,6.2405332771,6.23801431317,0.0,0.322712042125,-0.399428623266,3.46237351484,-0.0404999153745,-0.045930079364,0.0,421.27450283451316,420.5203486042047,422.26739415886124,421.2439367291067
1.620000000000001,0.138331849984,-0.213598033811,12.9904938459,6.23972489871,6.23718818752,0.0,0.333695164265,-0.409829156351,3.50920402761,-0.0386999607521,-0.0595297807849,0.0,462.8818231868142,459.65863686540297,460.4097774240459,460.83603335698507
1.640000000000001,0.145127828649,-0.221910264343,13.0613683882,6.23896527064,6.23602348344,0.0,0.345902702299,-0.421393896881,3.57825020262,-0.0440611454096,-0.0523337359973,0.0,479.55449763658027,481.1893749143284,482.06457228579245,480.8470544323606
1.660000000000001,0.152164258554,-0.230449457555,13.1334800187,6.23808854721,6.2350189601,0.0,0.357740288174,-0.43252542432,3.63291284809,-0.0410613213653,-0.0431520823143,0.0,468.0688644565767,470.2060845542846,467.99723337673134,468.69622509656614
1.680000000000001,0.159439425934,-0.239212994859,13.2066737467,6.23727214697,6.23423642083,0.0,0.369776449863,-0.443828306061,3.68645994953,-0.0441681496957,-0.0558408470801,0.0,469.6096911105404,466.64656585129046,468.4819324065107,467.7558336275338
1.700000000000001,0.166933193914,-0.248182089123,13.2804474395,6.23639534565,6.23313769961,0.0,0.379600348097,-0.453081120397,3.69090933033,-0.0405455326084,-0.0618567794987,0.0,422.948860008699,421.38921061241547,422.47915205441154,423.41400851416734
1.720000000000001,0.174655911392,-0.257366277829,13.3549136676,6.23558955758,6.23190061441,0.0,0.392671399683,-0.465337750214,3.75571347967,-0.0437463371826,-0.0621742424714,0.0,478.6553560247135,478.58042064941463,478.6760036508589,477.9439558098771
1.740000000000001,0.182628384456,-0.266783909703,13.4303859823,6.23471467391,6.23065800137,0.0,0.404575906732,-0.476425437179,3.79151799503,-0.0440398472396,-0.0634947026044,0.0,453.02204700203475,452.7006838226093,453.1016438757667,453.02981027328633
1.7600000000000011,0.190846580405,-0.276429716607,13.5066644965,6.23385139238,6.22944765869,0.0,0.417243688172,-0.488155253171,3.83633342241,-0.0381211617948,-0.0525812823579,0.0,460.5415723335477,463.12131780676594,460.3809033334578,461.78273859259673
1.7800000000000011,0.199299449923,-0.286292413715,13.5834381299,6.23309147492,6.2283966758,0.0,0.428043263602,-0.4981144576,3.84102992209,-0.0358825112407,-0.0537150932936,0.0,424.60343740149307,424.3095612630411,423.30319916051343,423.88000351016393
1.8000000000000012,0.20799535633,-0.296378608209,13.6607597484,6.23239540821,6.22733454422,0.0,0.4415473771,-0.510504991856,3.89113192204,-0.0293123490268,-0.0586487100088,0.0,466.382586645586,465.2233045057939,466.6467333172467,468.1824003324672
1.8200000000000012,0.216954953292,-0.306706169553,13.7389224398,6.23181443347,6.22616774925,0.0,0.454412319142,-0.522251142518,3.92513721794,-0.032559575481,-0.0551332496418,0.0,452.2436454692128,453.09005371930465,452.4833118299617,451.69809398425565
1.8400000000000012,0.22617314766,-0.317268765751,13.8177409044,6.23117069069,6.22507180768,0.0,0.467407117689,-0.53400847734,3.95670924505,-0.0364192962972,-0.058800242878,0.0,450.2487637750538,449.35579695515986,451.47551390370165,450.53984641339105
1.8600000000000012,0.23568512262,-0.328096049105,13.8977295596,6.23044301224,6.22396221183,0.0,0.483790378271,-0.548719858006,4.04215627413,-0.0376088168625,-0.0472755727014,0.0,496.52114217282593,499.04929668335564,498.43600770075926,498.174684352805
1.8800000000000012,0.245486048723,-0.339182431002,13.9787223798,6.22969955535,6.22302354921,0.0,0.496302232044,-0.559918331671,4.05712574326,-0.033432826895,-0.0509766072128,0.0,436.1345569214306,435.2047430851573,435.2257980089702,436.27247100886757
1.9000000000000012,0.25554750108,-0.350501753913,14.0601523386,6.22904372584,6.22200438175,0.0,0.509843003668,-0.572013959464,4.0858701362,-0.0384978097517,-0.0501225719873,0.0,449.2408983445773,449.44699098872695,448.97460143782365,447.7395583149437
1.9200000000000013,0.265883456191,-0.362065726001,14.1421799287,6.22831149069,6.22100604057,0.0,0.523752507433,-0.584383249353,4.11688887599,-0.0298120691853,-0.0472554291808,0.0,451.1257323706283,451.8182504664222,449.8921288540455,451.9964681753635
1.9400000000000013,0.276520145571,-0.373896639061,14.2251530779,6.2277156409,6.22008420701,0.0,0.53991643053,-0.598708056612,4.18042604508,-0.0289270857395,-0.0540781896191,0.0,481.92656351424955,480.3757048148632,479.94338140152354,480.1446533413128
1.9600000000000013,0.287449017914,-0.385986243602,14.3088677797,6.22715749917,6.21900304693,0.0,0.55297080378,-0.610252397494,4.19104413465,-0.0353145716819,-0.0549767520282,0.0,432.7810482811682,432.5520452879033,433.63119500602807,432.0180500069564
1.9800000000000013,0.298644470558,-0.398310761392,14.3928454759,6.22645767657,6.21790474219,0.0,0.566574460588,-0.622199381562,4.20672548187,-0.0317176758435,-0.0534081179625,0.0,437.8987253977392,438.2879760756179,436.9005364683271,437.7988133328058
2.0000000000000013,0.310155642762,-0.410911570462,14.4777678492,6.22590038803,6.21687078469,0.0,0.584542759831,-0.637881525369,4.28551184924,-0.0441325845496,-0.0616791347316,0.0,495.03370400762253,493.2027881420214,496.0516794962981,493.30866706258445
2.0200000000000014,0.322007924254,-0.423809399378,14.5639487409,6.22501859955,6.21564148368,0.0,0.60068538943,-0.651901366297,4.33257732527,-0.0454465166533,-0.0587528111217,0.0,467.50218818310157,468.1832670069637,467.27030867741763,466.9618942459488
2.0400000000000014,0.334151511517,-0.436960117908,14.650561156,6.22416822428,6.21446673148,0.0,0.613673336819,-0.663170486702,4.32866417706,-0.0562682601721,-0.0579730435268,0.0,420.3020068405856,420.5020999680505,420.86838497288034,418.047357081794
2.0600000000000014,0.346550760278,-0.450332441677,14.7370031329,6.22306462425,6.21332609699,0.0,0.62625153931,-0.674061890165,4.31553351479,-0.0496705072522,-0.0641092284914,0.0,411.70259005661944,410.06776118107365,409.58176828355164,411.3361263384476
2.0800000000000014,0.359248747249,-0.463963362298,14.8238256894,6.22216521548,6.21204904414,0.0,0.643547157819,-0.689030171916,4.36672213433,-0.063381916691,-0.0609055681941,0.0,471.32661166024224,472.0661365445383,472.92599777213013,469.7453227327177
2.1000000000000014,0.372299333256,-0.477898923512,14.9117213162,6.22089807433,6.21083465119,0.0,0.661511442868,-0.704525949503,4.42284054799,-0.0643790954046,-0.0581785158606,0.0,475.13518698769724,475.7596692735102,477.2736824264251,477.04266772762423
2.1200000000000014,0.385661701298,-0.492104194787,15.0000428076,6.21961289712,6.20967148377,0.0,0.674725361325,-0.716001178042,4.40930859041,-0.0621860636153,-0.0590761813174,0.0,411.4724250104961,411.23127186682996,410.8602394578619,411.43980125339317
2.1400000000000015,0.399308168321,-0.506556618816,15.0883334651,6.21836918013,6.2085030078,0.0,0.689921340911,-0.729241224855,4.41975716569,-0.0620935243754,-0.0539678240532,0.0,433.92674646756427,435.208954501654,435.17112106517567,435.19148776165997
2.1600000000000015,0.413291267807,-0.521302678671,15.1772371548,6.21714727858,6.20744083659,0.0,0.708388607717,-0.745364760647,4.47061180634,-0.0684131665929,-0.0598304639308,0.0,471.693735062814,470.33166333081476,474.2109231728293,472.74969180094917
2.1800000000000015,0.427622338382,-0.536353398752,15.2668423434,6.21579073595,6.20625173548,0.0,0.724718449816,-0.759707247409,4.48990704519,-0.0732547991645,-0.0637055542871,0.0,444.940550689706,443.9851514185312,443.9744044287901,442.77739689909254
2.2000000000000015,0.442273810099,-0.55168627745,15.3567200139,6.21433518975,6.20497798225,0.0,0.740428721836,-0.773580622359,4.49786001067,-0.0776251045335,-0.0628595487378,0.0,433.5760483733549,433.78618484349647,433.5442852202845,432.4368300475419
2.2200000000000015,0.457285835809,-0.567338035888,15.4473135813,6.21278403971,6.20372080592,0.0,0.760773849221,-0.791595221484,4.56149672227,-0.0792695221359,-0.0630306709877,0.0,484.81458930638024,484.77351229931145,483.8356278025205,483.45978503956246
2.2400000000000015,0.472704312891,-0.583350863378,15.5391330831,6.21119939361,6.20246022073,0.0,0.781073858953,-0.809687527536,4.6204534672,-0.0804896390196,-0.0627930508463,0.0,480.910475412544,480.9619239770785,480.6784912918816,480.3964794023505
2.2600000000000016,0.488491424058,-0.599693532968,15.6316311582,6.20959248134,6.20121374919,0.0,0.797637257733,-0.824579431443,4.62935404267,-0.0780894268474,-0.058459582686,0.0,435.277195535179,436.36099994122236,435.08760657934164,435.68476227457626
2.2800000000000016,0.50461396798,-0.616338815269,15.7243266715,6.20812449122,6.2000795323,0.0,0.814617134495,-0.83994879862,4.6401972845,-0.0917860257069,-0.050095999687,0.0,437.8758074787059,439.95599121597496,438.0305869138883,434.5946713060272
2.3000000000000016,0.521056336342,-0.633274657653,15.8169742013,6.20630197026,6.19910775979,0.0,0.829619701655,-0.853635439815,4.62455568953,-0.0969240335311,-0.0578609837732,0.0,412.682935429011,410.619476936484,412.40761683612624,411.03585067006867
2.3200000000000016,0.537844372069,-0.650527550349,15.9098278764,6.2043636935,6.19797941015,0.0,0.849183871075,-0.871653829804,4.66081182852,-0.0962854374498,-0.065459672997,0.0,461.9310250331172,460.12748201959005,461.67746715299137,461.82097412529225
2.3400000000000016,0.55500602127,-0.668126650919,16.0031696631,6.20247352396,6.19667379995,0.0,0.866981049036,-0.888256227205,4.67336683732,-0.104716239391,-0.062782640452,0.0,439.14107742321335,439.80362261884994,441.1074326574941,439.005512309471
2.3600000000000017,0.572524071233,-0.686059678255,16.0967363081,6.20038486211,6.19544785649,0.0,0.884823947273,-0.905046506387,4.68329766621,-0.108081634362,-0.055074287005,0.0,436.59837724469287,438.520867870054,437.787478582727,436.93671887010294
2.3800000000000017,0.590430710388,-0.704360318992,16.1908322768,6.19828413355,6.19438085133,0.0,0.905839968222,-0.925017567255,4.72629920347,-0.119118312049,-0.0467700013327,0.0,467.5719309533798,469.5071393404035,469.2221430048279,466.6347103279835
2.4000000000000017,0.608759176953,-0.7230644595,16.2857763903,6.1959141478,6.19361306603,0.0,0.927006688288,-0.945396483618,4.76811213867,-0.124094352099,-0.0650792734942,0.0,469.69462866206743,465.41357190539213,468.2901074468596,467.1153131603359
2.4200000000000017,0.627470692491,-0.742141010453,16.3810895711,6.19343291723,6.19237016743,0.0,0.944144865473,-0.962258611678,4.76320594674,-0.122948513953,-0.0759131897462,0.0,425.79923652841313,423.0058361967415,423.83045074520254,424.11104797180445
2.4400000000000017,0.646533513979,-0.761565663736,16.4763718613,6.19098661775,6.1908643635,0.0,0.962137283313,-0.98020671663,4.76502307739,-0.127982557718,-0.0809051554053,0.0,431.021204122282,429.74875094876603,431.9501778570435,430.6603163505086
2.4600000000000017,0.665967695623,-0.7813626424,16.5717818857,6.18849095853,6.18925330767,0.0,0.981280881083,-0.999491149732,4.77597935451,-0.139295553326,-0.084659428192,0.0,440.1526161273374,439.21402995333204,441.3017061075733,438.4757197821465
2.4800000000000018,0.685805143582,-0.801567630311,16.6675908149,6.18572204361,6.18761842594,0.0,1.00246391486,-1.02100764132,4.80491356732,-0.14512584473,-0.0954582088559,0.0,457.5061270225948,454.9133917958141,458.1699080290031,456.7595741999225
2.5000000000000018,0.706072606087,-0.822211917396,16.7640055499,6.1828227021,6.18571740179,0.0,1.0242823356,-1.0434210672,4.83655993649,-0.142605770865,-0.0914233543708,0.0,459.7552869354252,460.70605896544185,458.9159590345339,459.496804120476
2.520000000000002,0.726788223092,-0.84331872266,16.86112822,6.17997522881,6.18390015739,0.0,1.04727936498,-1.06725945922,4.87570707584,-0.145652779322,-0.0866856988727,0.0,465.4919378339273,466.59638679791067,468.2206774526084,467.49103921273917
2.540000000000002,0.747962134339,-0.864902881439,16.9589738329,6.1770630366,6.18217342949,0.0,1.07011175971,-1.09115641869,4.90885421124,-0.144338725171,-0.0904236325313,0.0,462.4297847059817,461.5395836054507,461.92552009489856,462.21737575150917
2.560000000000002,0.76956664766,-0.886940318621,17.0571872064,6.17419746957,6.180372379,0.0,1.09033957234,-1.11258729951,4.91248313478,-0.13782604948,-0.09427646684,0.0,434.8849954669662,433.9085440735339,434.4447733975477,436.06023975688845
2.580000000000002,0.791590346702,-0.909423754645,17.1555787488,6.17145668894,6.17848902884,0.0,1.11203033187,-1.13575630284,4.92667110337,-0.143436818878,-0.0921888004827,0.0,444.3283404868704,444.834041098552,446.3433833861484,444.949783958525
2.600000000000002,0.814011098452,-0.932333149426,17.253868126,6.16861956911,6.17669780086,0.0,1.13004484313,-1.1551831753,4.90226662354,-0.135484895201,-0.102440437474,0.0,408.60295362213793,405.84337799481125,406.3584335019606,408.4705020576158
2.620000000000002,0.836864956942,-0.955710582552,17.3523170388,6.16594254374,6.17467098823,0.0,1.1553410059,-1.18256013727,4.94262465173,-0.127401265683,-0.109073102087,0.0,470.11587030930474,468.5628360645371,468.6170159811387,470.4827190576619
2.640000000000002,0.860237304883,-0.979650242812,17.4516429027,6.1633962974,6.17250302142,0.0,1.18189378819,-1.21140588875,4.98996173786,-0.125515011417,-0.11426833599,0.0,477.28234382824274,476.0815686295006,475.5149665724333,475.9346784710719
2.660000000000002,0.884097244207,-1.00412060691,17.5514788714,6.16089620774,6.17021826585,0.0,1.20410014417,-1.23563052079,4.99363513318,-0.130033984766,-0.11537391631,0.0,436.1912244256486,435.902189852087,437.54837860029465,436.40345326316407
2.680000000000002,0.908393911792,-1.02906761147,17.6512826644,6.1582958044,6.16791983222,0.0,1.22556661432,-1.25906993581,4.98674417001,-0.130777433565,-0.119627078758,0.0,426.1939902900353,425.0893027282924,427.283808636529,427.0773486719207
2.700000000000002,0.933189387379,-1.05455841805,17.7515058433,6.1556802757,6.16557305137,0.0,1.25398094441,-1.29001072156,5.03557372146,-0.130977297729,-0.11006039481,0.0,477.57432974793863,479.7469620558116,478.3693809819453,478.30935578666674
2.720000000000002,0.958540947676,-1.08065511701,17.8525535083,6.15306941593,6.1634618004,0.0,1.28117508526,-1.31965917434,5.06919278007,-0.12680928101,-0.123473591673,0.0,467.12117158581526,463.9620365041761,465.0861069127798,466.0496960386762
2.740000000000002,0.984491527201,-1.10740503847,17.9546868674,6.15053525073,6.16099263827,0.0,1.31388286731,-1.35533297235,5.14414312656,-0.124799096218,-0.124260626715,0.0,502.00370910129965,501.8204198147965,502.1758364416829,502.60052118749513
2.760000000000002,1.0110376367,-1.13480491913,18.0577902657,6.14805157778,6.1585334659,0.0,1.34072808225,-1.38465509317,5.16619669791,-0.129760745044,-0.117043956899,0.0,454.98203220618615,456.6987891252924,457.6041927429509,456.4038786548961
2.780000000000002,1.03809363191,-1.16276184247,18.1610773228,6.14546193251,6.15619266999,0.0,1.36487143932,-1.41103724102,5.16250901679,-0.126423192997,-0.116635976133,0.0,432.2137391366726,432.30419956911413,432.0688842582641,432.8964411074773
2.800000000000002,1.06561723605,-1.19123016971,18.264136232,6.14294813735,6.15386002862,0.0,1.38748897435,-1.43579548325,5.14338190225,-0.131839594377,-0.116240626949,0.0,416.9917999055344,417.0822549686898,418.02875034823006,416.59439903390125
2.820000000000002,1.09363738455,-1.22024121816,18.367116711,6.1403188353,6.1515386443,0.0,1.41452587549,-1.4653093615,5.15466599663,-0.135709952239,-0.118859108732,0.0,447.77414147049643,447.1225324953666,447.0499106226336,446.0867556371321
2.840000000000002,1.12223207551,-1.24987919543,18.4705383507,6.13760655481,6.14918415567,0.0,1.44494322051,-1.49848836566,5.18749797083,-0.137668809075,-0.112122114305,0.0,467.1509229887132,468.71258545414815,466.9729889656068,466.4982289524086
2.860000000000002,1.15143591219,-1.28018202787,18.5745814441,6.13485987286,6.1469418081,0.0,1.47544044788,-1.53179487847,5.21681137489,-0.134009785907,-0.111686873016,0.0,464.650287309376,464.7421014260318,464.29495451354865,465.1388781823372
2.880000000000002,1.18120610745,-1.31110477138,18.6788584939,6.13219757563,6.14470811585,0.0,1.50157907844,-1.56047947202,5.2108936069,-0.128026728199,-0.111987576985,0.0,432.6831907988862,432.5957897400155,430.43547112498504,431.9349554709316
2.900000000000002,1.2114989367,-1.34260159229,18.7829849916,6.12964701105,6.14246898121,0.0,1.52770384642,-1.58920261962,5.2017561642,-0.123561308367,-0.113098338156,0.0,428.90590196759456,428.61111322082667,428.5373746837041,429.65920375005754
2.920000000000002,1.24238513791,-1.37474971544,18.8873929711,6.12718597437,6.14021519766,0.0,1.56091627427,-1.62560969488,5.23904178241,-0.119047000855,-0.109052794283,0.0,472.30701971574337,473.23175413193457,472.41069423771575,473.44115242843094
2.940000000000002,1.27393981993,-1.407630652,18.992538168,6.12483878217,6.13805533049,0.0,1.5945519272,-1.66248396066,5.2754779097,-0.110831428654,-0.102542999226,0.0,471.6898958685267,473.18621136874197,472.0492244609652,473.9358389411633
2.960000000000002,1.3061400111,-1.44121982206,19.0981930204,6.12263985892,6.13601074624,0.0,1.62546719038,-1.69643304606,5.29000732732,-0.104880743659,-0.0990001929535,0.0,452.0139346202251,452.8608811526874,453.2740039581364,454.69607636809735
2.980000000000002,1.33901749198,-1.47555166722,19.2045015326,6.12054879717,6.13403075273,0.0,1.66228089788,-1.73675146993,5.34084389024,-0.108500997502,-0.0991440191375,0.0,486.8817085916269,486.84193043492604,486.5937383298534,485.77131436125023
3.000000000000002,1.37253641641,-1.51058768577,19.3111706998,6.11841335443,6.13204847029,0.0,1.68961154502,-1.76685038519,5.32607282856,-0.116816911746,-0.0980504532821,0.0,426.99542512006127,427.2663776935479,426.0239561432818,423.8740309365905
3.0200000000000022,1.40664110429,-1.54626799792,19.4177740301,6.1160806066,6.13008807592,0.0,1.7208572432,-1.80118082942,5.33426020887,-0.119496613627,-0.0991592368709,0.0,447.3258731769195,447.0466875390728,450.20210865474166,449.5390056135787
3.0400000000000023,1.44136067615,-1.58262468851,19.5244504595,6.113720009,6.12811361129,0.0,1.75109994237,-1.83448822981,5.3333827258,-0.127156206262,-0.103335384461,0.0,440.20961473962615,439.1628940658251,441.6518260632076,439.7391034813827
3.0600000000000023,1.47669446939,-1.61965822796,19.6311431923,6.1112044565,6.12609912648,0.0,1.78227938146,-1.86886571511,5.33589055479,-0.134582055263,-0.0931155140965,0.0,442.30954125402627,444.81857023401767,444.8290225618191,442.98582282107344
3.0800000000000023,1.51265939576,-1.65738827929,19.7379070963,6.1085313268,6.12425116969,0.0,1.81421325555,-1.90413941751,5.34049984402,-0.128497417292,-0.0877576236999,0.0,445.59303695112936,446.89808516764276,445.17879373015137,446.6535962050389
3.1000000000000023,1.54924908284,-1.69581022156,19.8446539181,6.1060308138,6.12253627328,0.0,1.84475545304,-1.93805481019,5.33418233535,-0.116713075967,-0.0787847690051,0.0,434.065681773756,436.31274059226814,435.0207490951645,437.95627330285066
3.1200000000000023,1.58639930901,-1.73485717568,19.9509483259,6.10369662962,6.1209810152,0.0,1.87026716359,-1.96664060152,5.29525844865,-0.116319787776,-0.0723914437733,0.0,401.7965328031844,403.52638910875396,402.8695397518943,402.96249504404915
3.1400000000000023,1.62415509165,-1.77458111359,20.0570224448,6.10137349208,6.11960321652,0.0,1.90531110054,-2.00575318948,5.31215343702,-0.113767058136,-0.0605567319955,0.0,457.20612143741846,460.0227754444501,457.4187232987726,458.01662037936836
3.1600000000000024,1.66261113726,-1.81508863476,20.1634127479,6.09910202046,6.11846444756,0.0,1.94029346031,-2.0449989272,5.32687687982,-0.110985136042,-0.0725871665937,0.0,457.46969214747156,454.5837387550569,456.84528111230674,457.4992511446967
3.1800000000000024,1.70176567754,-1.85638227508,20.2700761967,6.09693376488,6.11708456444,0.0,1.97516056747,-2.08436510525,5.33946799607,-0.10084145431,-0.060598821329,0.0,453.6763965950684,456.55159216389575,453.7379706496723,456.1643698778444
3.2000000000000024,1.74156437334,-1.89840614346,20.3766623596,6.09493535388,6.11588903257,0.0,2.00470901252,-2.11802173267,5.31914829328,-0.0947721733874,-0.0548639182188,0.0,422.81460709850774,424.29177718614926,422.2983697392659,423.85704760435885
3.2200000000000024,1.78196340072,-1.9411150885,20.4828843812,6.09304342954,6.11479505084,0.0,2.0351937253,-2.15287277123,5.30305386685,-0.0974251450313,-0.0522961815479,0.0,427.2684460073389,427.92267593308793,427.9992377868053,427.3131585916449
3.2400000000000024,1.82298752808,-1.98453981863,20.5888622505,6.09111777922,6.11384926634,0.0,2.06721901136,-2.18960024178,5.29473306333,-0.104185703916,-0.0381442117736,0.0,433.1216358824326,436.6765994942287,436.86048837103726,435.1573648732095
3.2600000000000025,1.86475002569,-2.02881045142,20.6952255819,6.08903602942,6.11309854683,0.0,2.10903074981,-2.23746303662,5.34160007798,-0.102203648152,-0.0332117220032,0.0,486.34391525282877,487.4505936096577,487.0105219204422,487.4467344656775
3.2800000000000025,1.90729622474,-2.07398280953,20.8022156953,6.08699977522,6.11243840877,0.0,2.14558915425,-2.2797727748,5.35741126523,-0.106158081093,-0.036074022178,0.0,459.5915950802064,458.9099795006819,460.465932911383,459.51762975978477
3.3000000000000025,1.95056471491,-2.11999458591,20.9094638894,6.08487979717,6.11171857924,0.0,2.18125986349,-2.3214048635,5.36740813956,-0.103634761017,-0.034256928266,0.0,455.49138102009897,455.92666386883997,453.18899622200064,453.7875566049404
3.3200000000000025,1.99450907781,-2.16679950569,21.0166913484,6.08281059101,6.111048512,0.0,2.2131764258,-2.35908711396,5.35533776567,-0.10099315034,-0.0287666962257,0.0,432.47661974964353,433.8614833394843,433.7306217637726,434.38619957468734
3.3400000000000025,2.03911942296,-2.21439269463,21.1238268061,6.08082231283,6.11047318139,0.0,2.2478580898,-2.40023178048,5.35820799849,-0.108941085285,-0.0286852681204,0.0,447.621073525533,447.6407299125446,450.0550081786686,448.11185966670524
3.3600000000000025,2.08448755579,-2.26288593778,21.2313740375,6.07865194564,6.10990001384,0.0,2.288955193,-2.44909253392,5.39651514352,-0.113053143858,-0.0276481445353,0.0,481.0698898111461,481.3053067574934,482.3184606334937,481.37625404032775
3.3800000000000026,2.13063312431,-2.31230888831,21.3394312118,6.07644955099,6.10935101177,0.0,2.32560165913,-2.49320251927,5.40920228733,-0.123885339139,-0.0304626841408,0.0,458.4013657216401,457.7296039092414,460.6994658888974,458.1113564284691
3.4000000000000026,2.17752398475,-2.36263238826,21.4478051065,6.07401248297,6.10875329124,0.0,2.36348438429,-2.53914747565,5.42818717977,-0.132900743972,-0.0352654240147,0.0,465.06746988572,463.93708032037216,466.6903278608222,464.56088001049704
3.4200000000000026,2.22517645304,-2.41388380497,21.5565737909,6.0714542272,6.10805183068,0.0,2.40176244504,-2.58599419584,5.44868126653,-0.118775651903,-0.0324912863897,0.0,466.4117266950931,467.06091110404316,465.615354052789,468.90420152563496
3.4400000000000026,2.27348789855,-2.46594992699,21.6651551775,6.06908013141,6.1074028935,0.0,2.42938210636,-2.62061800554,5.40945738409,-0.120459245118,-0.0311582088846,0.0,408.54546397587757,408.90148240990214,408.86493827130545,408.4005431364064
3.4600000000000026,2.32243300149,-2.51880894049,21.7733942643,6.06667262974,6.10678091197,0.0,2.46512818768,-2.66528334489,5.41445129971,-0.122294037637,-0.0296202597075,0.0,452.22081889783595,452.59207831436055,453.6324479847509,453.17735956552525
3.4800000000000026,2.37209137578,-2.5725633097,21.8817177457,6.064270815,6.10619378876,0.0,2.50070924079,-2.71015357572,5.41789684465,-0.131681903613,-0.0263700322699,0.0,451.94112973663306,452.7262747912411,452.46098034687395,450.1740731103421
3.5000000000000027,2.4224134505,-2.62716100679,21.9898426964,6.06164576984,6.1056827171,0.0,2.53149823105,-2.74961613408,5.3945982229,-0.13582748318,-0.0320847476986,0.0,427.5752215913721,426.1116190854582,425.38067872516194,424.29726380661873
3.5200000000000027,2.47343530171,-2.68265506813,22.0979543327,6.05903841198,6.10507106664,0.0,2.57068689087,-2.79978999953,5.41656540506,-0.121049675681,-0.0398364566614,0.0,470.9482450219303,469.1453924674038,467.652128640941,471.07749864607456
3.5400000000000027,2.52527925976,-2.73920473199,22.2067059347,6.05662037344,6.10428456564,0.0,2.61370891379,-2.85517638607,5.4585947944,-0.118618636693,-0.0353135968505,0.0,488.07703386581875,489.08819172223417,488.08541572419756,488.6177355405458
3.5600000000000027,2.57785976055,-2.79671238475,22.3156203657,6.0542666451,6.10357847764,0.0,2.64434116473,-2.89558889002,5.43284830583,-0.112512181906,-0.034707075141,0.0,425.2867340152629,425.44199302227344,423.8281881159268,425.38681422861515
3.5800000000000027,2.63114966409,-2.85515255073,22.4245330641,6.05203545864,6.10292846021,0.0,2.68464918923,-2.9484277088,5.45842153323,-0.118685864938,-0.0253130268102,0.0,473.0884525443894,475.25347225875225,475.6809135925666,474.2498338994343
3.6000000000000028,2.68520207879,-2.91459860279,22.5337167614,6.049661762,6.10242252692,0.0,2.72059228161,-2.99617749654,5.45994820387,-0.118889125775,-0.0261220321479,0.0,452.5660469529487,452.3705153707031,452.99500088388925,452.93358029520266
3.6200000000000028,2.73991324388,-2.97492787705,22.6426063548,6.04728426974,6.10192274552,0.0,2.75052422718,-3.03674992992,5.42901112746,-0.11965104185,-0.0328539340843,0.0,422.09949012795465,420.3523841513769,420.5223694549719,420.31067564346466
3.640000000000003,2.79528947138,-3.03615713817,22.7512261454,6.04490505491,6.1012729938,0.0,2.78709852295,-3.08617618163,5.43296793458,-0.114396329688,-0.0290258914038,0.0,454.98602978502873,455.90435504057075,454.8396961737839,456.08823528783535
3.660000000000003,2.85147910592,-3.09848406205,22.8603514806,6.04261902771,6.10078443206,0.0,2.83186493093,-3.1465162066,5.47956558371,-0.112447278813,-0.015464469056,0.0,493.2348242373825,496.2307927339117,494.93182401924616,495.3518728752644
3.680000000000003,2.90850082944,-3.16194111104,22.9700699949,6.04037785428,6.10048329373,0.0,2.87030742083,-3.19918869205,5.49228584517,-0.108504654003,-0.0195020563678,0.0,466.10665608986193,465.1589720155912,464.1763811359566,465.09324904128414
3.700000000000003,2.96630863682,-3.22647899709,23.0801311179,6.03820777219,6.10009327778,0.0,2.91047331703,-3.25459991338,5.51382645982,-0.108652887308,-0.0192776502915,0.0,474.06717823543636,474.1189818505517,473.6331701650798,473.5893896194996
3.720000000000003,3.0249358321,-3.29215087274,23.190703649,6.03603665335,6.09975585358,0.0,2.95224621127,-3.3125876516,5.54342664519,-0.106683667706,-0.0290887465935,0.0,482.3522568480892,480.12394546778233,482.2304228918483,482.6671900254846
3.740000000000003,3.08420469508,-3.35873199589,23.3008522145,6.03391066541,6.09918505515,0.0,2.97464008646,-3.34552466355,5.47142990797,-0.102763104154,-0.0337741493387,0.0,380.59145835994053,379.24290312090255,379.0570659759463,380.1739368203853
3.760000000000003,3.14403426301,-3.42612428255,23.4101460226,6.031866427,6.09851223962,0.0,3.00831670623,-3.39370400247,5.45795090215,-0.107458564021,-0.0314644059556,0.0,440.48977303910345,441.06209298073145,442.6387592624537,441.46847549767267
3.780000000000003,3.20455224945,-3.49450320834,23.5192419087,6.02972163133,6.09788492231,0.0,3.0434819385,-3.44418857667,5.45163770802,-0.110416809528,-0.0334497545392,0.0,447.68084643540595,447.1954963648223,450.31886763665426,449.59024182056777
3.800000000000003,3.26567541393,-3.56376420407,23.6276994337,6.02751864003,6.09721969999,0.0,3.06883450889,-3.48191099612,5.39411479074,-0.107147285371,-0.0361966705285,0.0,395.8632970048367,395.10344612648083,396.20083892493466,397.0895091252516
3.820000000000003,3.32734101303,-3.63383023708,23.7351848688,6.02537628156,6.09649632225,0.0,3.09772540177,-3.52469230494,5.35442871808,-0.106063554173,-0.0372508714929,0.0,414.63907548656164,414.3603742822805,415.28535167593674,415.55955939338253
3.840000000000003,3.38974010984,-3.70496508312,23.8426687183,6.02327747265,6.09581122067,0.0,3.1421842793,-3.58879229859,5.39395623302,-0.112766116558,-0.0263041051561,0.0,490.72745888209755,493.15915878798074,491.6310852877847,490.12997307565644
3.860000000000003,3.45288197357,-3.77718745314,23.9501890219,6.0210235679,6.09529294175,0.0,3.17200209345,-3.63344470389,5.35807412554,-0.111082317517,-0.0302545948428,0.0,419.9862787430814,418.9566341905338,420.053395688727,420.4792461291428
3.880000000000003,3.51666562827,-3.85036862189,24.057219422,6.01880565781,6.09470762923,0.0,3.20636337594,-3.68467217097,5.34496588884,-0.108348727428,-0.0365441708294,0.0,443.6818172991156,442.1292780134562,442.75354823917274,443.41694707181347
3.900000000000003,3.58118222969,-3.92464091153,24.1642145302,6.01675355262,6.09401633189,0.0,3.24529676604,-3.74255679326,5.35454493439,-0.123505861646,-0.0454420441025,0.0,466.25374990334967,464.1625677306687,466.9864867560462,463.41536152276126
3.920000000000003,3.64646337765,-4.00005508301,24.271323588,6.01429110226,6.09310755256,0.0,3.28281802991,-3.79886035443,5.35636084087,-0.119590030042,-0.0457928919301,0.0,457.6381834866429,457.5532425263559,458.76390546091164,459.6826745093961
3.940000000000003,3.71245802023,-4.07654796692,24.3782751155,6.01191576451,6.09223389693,0.0,3.31664622864,-3.85042803664,5.338791908,-0.113851937024,-0.0366057043991,0.0,438.5706175516552,440.8532146324929,439.57849879885094,440.9900539422922
3.960000000000003,3.77918984669,-4.1541596333,24.4851701174,6.00964288821,6.09152009173,0.0,3.35653641698,-3.91073860107,5.35070828376,-0.110966649402,-0.0305544419398,0.0,467.8383074757217,469.2494538993367,468.7587291066203,469.4202500689327
3.980000000000003,3.84654684555,-4.23274124722,24.5914400205,6.00742755865,6.09092107751,0.0,3.37916346971,-3.9474227909,5.27628202825,-0.113796288204,-0.0256402543542,0.0,379.46361965757217,380.8761933792043,380.23859017921757,379.4110048942839
4.000000000000003,3.91448314235,-4.31223706869,24.6968457831,6.00519092918,6.09041391188,0.0,3.41446621015,-4.00215935586,5.26429422704,-0.104931042548,-0.0289986636299,0.0,446.96958803296235,446.14740875222355,444.4335567147681,446.59715635087815
4.020000000000002,3.98319028955,-4.392923111,24.8023274311,6.00310329754,6.08983393866,0.0,3.45624850958,-4.06644487545,5.28387058091,-0.109619156701,-0.0289882138809,0.0,476.3753843715745,476.37760153408567,477.2420999181901,476.1583472998562
4.040000000000002,4.05274279248,-4.47491290339,24.9082428812,6.0009144369,6.08926970648,0.0,3.49900178334,-4.13253436405,5.30767442448,-0.112273396198,-0.023414686659,0.0,480.76120391226834,482.0265480741308,481.24385467844155,480.6310098052719
4.060000000000001,4.12308092732,-4.55813067896,25.0142894481,5.99866938909,6.08882135334,0.0,3.53481170033,-4.1892431924,5.29698226783,-0.111356748304,-0.0170995327236,0.0,447.48747095663464,449.02738237117387,450.16914342370086,450.38065780771984
4.080000000000001,4.19404646866,-4.64236071977,25.1196862976,5.99646472908,6.08849031005,0.0,3.56174243425,-4.23376088929,5.2427026768,-0.104652279636,-0.0217787139223,0.0,404.51157385863513,403.24515607947154,404.37999409332775,406.17605559198205
4.1000000000000005,4.26559619496,-4.72755076377,25.2242185834,5.99437475154,6.08806845292,0.0,3.59323019561,-4.28524351011,5.21052590767,-0.107129396391,-0.0270164900937,0.0,427.79343725344927,426.45294141639346,428.8420583028985,428.20017676580494
4.12,4.33780016806,-4.81381004016,25.328224191,5.99223254741,6.08754462849,0.0,3.6271671141,-4.34068412942,5.19003484746,-0.10800552536,-0.0212709923966,0.0,438.5610956322933,439.99062449632436,440.5077050585609,440.28005636418527
4.14,4.41070548346,-4.90121511795,25.4319259478,5.99011613404,6.08716312333,0.0,3.66336442613,-4.39982364966,5.18014083547,-0.0986570352226,-0.0118992594438,0.0,449.8521961141709,452.1236722802902,449.17303097378493,451.43222242303557
4.159999999999999,4.48432903188,-4.98979952475,25.5354001474,5.98814797273,6.08695076892,0.0,3.69899041572,-4.45861702992,5.16727912397,-0.101812789898,-0.00473954195696,0.0,447.6983267703035,449.4431404419254,448.0915225419096,447.3127509478341
4.179999999999999,4.5586302015,-5.07951388115,25.6384489399,5.98611205766,6.08685598181,0.0,3.73112654686,-4.51281860988,5.13760013125,-0.102638298952,-0.00482591946581,0.0,431.4233818184467,431.4015814506667,431.8058681382607,431.587526742935
4.199999999999998,4.63365153593,-5.17043158704,25.741277634,5.98406189364,6.08675996137,0.0,3.77100689562,-4.57895197897,5.14526927058,-0.104919506912,-0.00382797536442,0.0,466.51924066095415,466.75309138824514,470.618675426165,470.0800295178204
4.219999999999998,4.70940021826,-5.26257402602,25.8439230476,5.98204068781,6.08672467769,0.0,3.80386133739,-4.63529191936,5.11927209118,-0.092494990311,0.00525781931437,0.0,435.37437128843345,437.6496816700295,434.156530913291,437.2637180242353
4.2399999999999975,4.7858530835,-5.35591910799,25.9462762186,5.98019794521,6.08682983614,0.0,3.84142518716,-4.6992162778,5.1160450094,-0.0962784299187,0.00532206019883,0.0,459.2781990910563,459.29339414393195,458.973323309409,458.0644546027482
4.259999999999997,4.86300289649,-5.45046750539,26.0483073663,5.97827629737,6.08694754379,0.0,3.87355611118,-4.75562346251,5.08706976604,-0.0934781574738,0.00057517937108,0.0,433.64411042210196,432.44579401896846,434.1235845340075,434.81997724343756
4.279999999999997,4.94084004772,-5.54621759055,26.1499768794,5.97640831679,6.08697509909,0.0,3.91015901248,-4.81938505326,5.07988154258,-0.0952572407361,-0.00509080949321,0.0,456.64595033964673,455.28763992806336,455.6227129392852,455.1885323057264
4.299999999999996,5.01934431059,-5.64315036307,26.2511935118,5.97455793694,6.08687681462,0.0,3.94026727454,-4.8738921982,5.04178169788,-0.0847915857372,-0.00243309663407,0.0,424.6743052964877,425.3579440769741,423.4742252929276,426.15902406862824
4.319999999999996,5.09852250548,-5.74128809451,26.3519933521,5.97286309658,6.08685677603,0.0,3.97755221444,-4.93988094628,5.03820232953,-0.0833835031375,-0.00999925048903,0.0,459.74970123299437,457.9473260263616,460.38012818098065,460.7087096726786
4.339999999999995,5.17846395485,-5.84077839105,26.452807625,5.97121170404,6.08667543566,0.0,4.01659272193,-5.00914870714,5.0432249627,-0.0890892055484,-0.00389275579616,0.0,468.2406060971026,469.66408601030594,468.6054107244734,467.26730667512356
4.359999999999995,5.25917579577,-5.94164333823,26.5536726556,5.96942996911,6.08663584737,0.0,4.05459137036,-5.07734601147,5.04327809695,-0.0887755540018,-0.0126411075706,0.0,465.4813299218854,463.4224988422459,464.1483792591673,464.21599599878044
4.379999999999995,5.34064506051,-6.04387436185,26.6545282492,5.96768043642,6.08640283214,0.0,4.09233510342,-5.14575635066,5.04228125925,-0.0815674491497,-0.0189350609226,0.0,465.4053826889859,463.92491952286025,462.2380390291738,463.9332506690579
4.399999999999994,5.42298642894,-6.14766141161,26.7559224668,5.96604976536,6.08603468852,0.0,4.14180173983,-5.23294862512,5.09714050647,-0.0804030387844,-0.0235301870618,0.0,515.7440665020596,514.7693886633762,515.2673616528041,515.509930600057
4.419999999999994,5.50627478581,-6.25313146289,26.8582092352,5.96444499285,6.08558116836,0.0,4.1870339474,-5.31405650247,5.1315363316,-0.0778385637603,-0.0176849187325,0.0,498.50383957284686,499.7838821119482,497.6731553581457,498.2316420350503
4.439999999999993,5.59030304388,-6.35997050912,26.9603987519,5.9628980591,6.08523238871,0.0,4.21579185876,-5.36984812124,5.08741533388,-0.0734029085003,-0.014548445515,0.0,423.1123081273968,423.9219196879443,423.06342431221447,424.202855935392
4.459999999999993,5.67501730362,-6.46810369102,27.0622297977,5.96143683214,6.08497143629,0.0,4.25563411524,-5.44347006793,5.09568924511,-0.0697066361152,-0.0222965406682,0.0,476.9640415959192,475.1851810155595,474.7953963305958,475.64179658387087
4.479999999999992,5.76041601839,-6.57753740634,27.163694771,5.96012750001,6.08452879268,0.0,4.28423736228,-5.49990146432,5.05080808646,-0.0827297380586,-0.019732480141,0.0,422.7038061713688,423.366323393414,425.65467222796997,422.29293873154006
4.499999999999992,5.84658420681,-6.688414894,27.2651907795,5.95847293427,6.08414264554,0.0,4.33258147919,-5.58784730231,5.09879276206,-0.0829706679606,-0.0156087779165,0.0,512.8773466514858,513.7555341341266,511.2827324805122,511.22663800515767
4.519999999999992,5.93357126594,-6.800822599,27.3669477587,5.95685373932,6.08386820504,0.0,4.36612443465,-5.65292319704,5.07690516092,-0.0919393254521,-0.00692142426188,0.0,448.25320073114875,450.3668334821261,448.6828724319891,446.48694054001805
4.539999999999991,6.02121147523,-6.91450880621,27.4681835648,5.95501820255,6.08376318557,0.0,4.39789649379,-5.71569752432,5.04667545194,-0.0893899181589,-0.015095653682,0.0,442.3434868183894,440.3189296872978,439.11686569535624,439.7438412577486
4.559999999999991,6.10946488724,-7.02942094043,27.5687118762,5.95324255311,6.08346196343,0.0,4.42744470754,-5.7755158975,5.00615568432,-0.0844606345752,-0.01627119011,0.0,429.6714762520402,429.3723949598174,429.8988924658574,431.14354605257336
4.57999999999999,6.19836216247,-7.14561921788,27.668676663,5.95155601106,6.08313814807,0.0,4.46228281573,-5.84431184784,4.99032299387,-0.0867717553509,-0.0180647538484,0.0,455.15559254211536,454.7247398965366,455.6252726790008,455.0648058262789
4.59999999999999,6.28788539935,-7.26308497584,27.7679935655,5.94983865761,6.08277697062,0.0,4.49004087206,-5.90226394739,4.94136726253,-0.0927853499139,-0.0175797242264,0.0,421.76820725846255,421.89394718472215,422.3593386426189,420.79333454258915
4.6199999999999894,6.37813795272,-7.3819951682,27.8671408219,5.947987074,6.08246990622,0.0,4.53521446491,-5.98875528945,4.97335837026,-0.0899136309851,-0.0270168941125,0.0,501.70390614352806,499.64370351117253,500.1004646854487,500.7215367197182
4.639999999999989,6.46910470168,-7.5023354522,27.9660472731,5.94620536323,6.08193218024,0.0,4.56146043045,-6.04527311002,4.91728675264,-0.0956689499836,-0.0247313309742,0.0,415.2574515832953,415.85847051009875,415.80157082600954,414.27830133561014
4.659999999999989,6.56071405162,-7.62400127799,28.0643746678,5.94432804785,6.08143928261,0.0,4.59947456352,-6.12130946909,4.9154527149,-0.10416172604,-0.026590895191,0.0,470.893035737844,470.4611174447933,470.93225190288473,468.9495520890379
4.679999999999988,6.65298884127,-7.74703898046,28.1622246084,5.94226091985,6.08091675757,0.0,4.62800440153,-6.1824607775,4.86954134756,-0.109837380548,-0.0309020129665,0.0,427.2120018304858,426.1072563998217,427.7270235620259,426.2640564372754
4.699999999999988,6.74594711921,-7.87148882549,28.2596727112,5.9400641724,6.08038832082,0.0,4.66782339248,-6.2625237255,4.87526893293,-0.109854822331,-0.0442888352694,0.0,479.5803003944472,476.51906009781214,478.65423276222907,478.6405426810889
4.719999999999987,6.83952833805,-7.9972620458,28.3564366952,5.93790836243,6.07953198705,0.0,4.69029849153,-6.31479830553,4.80112946735,-0.100767855662,-0.0366151222858,0.0,395.7358427710557,397.8486537841351,395.9991317113864,398.48760558218004
4.739999999999987,6.93367962886,-8.12428242107,28.452263287,5.93592390487,6.07885107641,0.0,4.72483058991,-6.38723922215,4.78152971544,-0.108629096518,-0.0467533471737,0.0,455.72961611282943,453.29074034056487,455.54606599644285,453.6472339952014
4.7599999999999865,7.02839578139,-8.25254987355,28.5471222714,5.93375189021,6.07791729083,0.0,4.7467846633,-6.43950602563,4.70436872508,-0.107563952488,-0.0483541993847,0.0,394.4401872794146,393.9946505533215,393.3083876003898,393.59227202846336
4.779999999999986,7.12370384257,-8.38211794867,28.6411233189,5.93162502615,6.07695074432,0.0,4.78402145433,-6.51730148644,4.69573602581,-0.100576106353,-0.0473173984034,0.0,465.7579921499856,465.9999485483746,464.60028279882454,466.2319044152959
4.799999999999986,7.21974233593,-8.51322254256,28.7348790785,5.9297017447,6.07601025286,0.0,4.81982788176,-6.59315790203,4.67983992789,-0.0872914778391,-0.0438949677328,0.0,458.8849503452659,459.6982257060312,457.7477239147061,460.900877404846
4.819999999999985,7.31645439809,-8.64577814845,28.8281193394,5.92795695413,6.07514197967,0.0,4.85137833464,-6.66240268741,4.64418616049,-0.0887329944158,-0.0395072217484,0.0,439.27254240995154,440.3619885060285,440.4975852713487,440.13332398588403
4.839999999999985,7.41385970839,-8.77982520629,28.9209171859,5.92618597711,6.07435763917,0.0,4.8891526954,-6.74230309662,4.63559849446,-0.0860190074098,-0.0361001887305,0.0,466.64850955573405,467.4452150843192,467.54219943446054,468.1701820199223
4.859999999999984,7.51189509684,-8.91526794323,29.0129825518,5.92446604148,6.07364342594,0.0,4.91438614932,-6.80197059743,4.57093809807,-0.0869618991598,-0.0321528983257,0.0,409.85756223424005,410.90834811202456,410.25216758371073,409.9940655716167
4.879999999999984,7.61054040473,-9.05208229478,29.1042149594,5.92274838838,6.07300042807,0.0,4.95014463984,-6.8794645572,4.55230266323,-0.0803915283546,-0.031806220286,0.0,458.30200541101107,458.38434111775297,457.4335604241976,458.99499434960546
4.8999999999999835,7.70987610156,-9.19041058164,29.1949615817,5.92118769948,6.07236432806,0.0,4.98342504286,-6.95336412877,4.52235956312,-0.0706815686347,-0.0320271134165,0.0,446.7709246388302,446.7165168582624,447.1612861312602,449.523602331458
4.919999999999983,7.80996274449,-9.33036292901,29.2854784893,5.91977851627,6.07172438258,0.0,5.02523925025,-7.04187060844,4.52933119836,-0.0736642393737,-0.0309346062524,0.0,483.64886121551586,483.89543420672146,484.59307584338313,483.91643461501934
4.939999999999983,7.91080675102,-9.47195950547,29.3757861378,5.91837199856,6.07110772032,0.0,5.05916140299,-7.11778703741,4.50143364709,-0.0852199379588,-0.0289197277639,0.0,450.9531962451911,451.4410428578758,452.2647605372211,449.45888437194253
4.959999999999982,8.01229802226,-9.61502760075,29.4653969751,5.91674399357,6.07053106795,0.0,5.0899657206,-7.189022491,4.45965008222,-0.072859212333,-0.03078637422,0.0,437.47812595654483,437.0111918098501,435.73041976454505,438.8144356676902
4.979999999999982,8.11444153675,-9.75958569109,29.5543255468,5.91539352571,6.06995471978,0.0,5.12438572883,-7.26678654304,4.43320709105,-0.0582498736647,-0.0396609803538,0.0,454.39988366843403,452.2596095069954,451.40567341301386,454.925771469085
4.999999999999981,8.21714412999,-9.90548938489,29.642164687,5.91423316779,6.06916287815,0.0,5.14587359516,-7.32358283683,4.35070693259,-0.0552037118269,-0.0380008742665,0.0,393.00092001067935,393.46142700571994,393.09276909379497,393.9361865522819
5.019999999999981,8.32049918523,-10.0529028162,29.7293067565,5.9131745083,6.06840389889,0.0,5.18963192814,-7.4177602946,4.36350001435,-0.0647341628084,-0.0394418641758,0.0,491.8717345654731,491.5508569830099,491.96955745592317,489.8457015123278
